function facecolor = rcolor()
facecolor = [248 118 109
    0 186 56
    97 156 255
    211 146 0
    0 193 156
    219 114 251
    147 170 0
    0 185 227
    255 97 195]/255;
end